 SVX cage parameters:
   2.2000000    
  0.50000000      0.20000000    
   0.0000000    
           6
  -40.000000      -26.500000      -26.500000       26.500000       26.500000       40.000000    
   53.000000       53.000000       22.147820       22.147820       53.000000       53.000000    
   0.0000000       0.0000000       0.0000000    
 SVX barrel parameters:
           4
   2.6300001       5.1925998       11.765000       16.687000       1.1410000    
   0.0000000       0.0000000       0.0000000       0.0000000    
           4           4           5           6
  0.69599998      0.69599998       1.7450000       1.7450000    
  9.99999978E-03  9.99999978E-03  3.12500000E-02  3.12500000E-02
   2.8360000       2.8360000       3.1877000       3.1877000    
  1.89999994E-02  1.89999994E-02   0.0000000       0.0000000    
  1.99999996E-02  1.99999996E-02   0.0000000       0.0000000    
   26.700001       13.626000       17.000000       12.000000    
  -13.000000      -12.980000       0.0000000       0.0000000    
           2
           5           5
   0.0000000       180.00000    
           2
          10          10
   0.0000000       180.00000    
           2
           8           8
   0.0000000       180.00000    
           2
          12          12
   0.0000000       180.00000    
 SVX barrel sensor rotation matrices and translation vectors
           0           1           1           1
   1.5680717      -2.1114099       8.5380001    
  0.64811975      0.76153833     -3.15988530E-07
 -0.76153839      0.64811981     -1.16261113E-07
   0.0000000       0.0000000       1.0000000    
           0           1           1           2
   1.5680717      -2.1114099       2.8460002    
  0.64811975      0.76153833     -3.15988530E-07
 -0.76153839      0.64811981     -1.16261113E-07
   0.0000000       0.0000000       1.0000000    
           0           1           1           3
   1.5680717      -2.1114099      -2.8459997    
  0.64811975      0.76153833     -3.15988530E-07
 -0.76153839      0.64811981     -1.16261113E-07
   0.0000000       0.0000000       1.0000000    
           0           1           1           4
   1.5680717      -2.1114099      -8.5380001    
  0.64811975      0.76153833     -3.15988530E-07
 -0.76153839      0.64811981     -1.16261113E-07
   0.0000000       0.0000000       1.0000000    
           0           1           2           1
   2.3495669      -1.1817091       8.5380001    
  0.23683837      0.97154903     -2.89595050E-07
 -0.97154915      0.23683827     -3.47884743E-08
   0.0000000       0.0000000       1.0000000    
           0           1           2           2
   2.3495669      -1.1817091       2.8460000    
  0.23683837      0.97154903     -2.89595050E-07
 -0.97154915      0.23683827     -3.47884743E-08
   0.0000000       0.0000000       1.0000000    
           0           1           2           3
   2.3495669      -1.1817091      -2.8460000    
  0.23683837      0.97154903     -2.89595050E-07
 -0.97154915      0.23683827     -3.47884743E-08
   0.0000000       0.0000000       1.0000000    
           0           1           2           4
   2.3495669      -1.1817091      -8.5380001    
  0.23683837      0.97154903     -2.89595050E-07
 -0.97154915      0.23683827     -3.47884743E-08
   0.0000000       0.0000000       1.0000000    
           0           1           3           1
   2.6299999     -1.65309757E-08   8.5380001    
 -0.22495131      0.97437006     -2.29408585E-07
 -0.97437006     -0.22495121      2.61378190E-08
   0.0000000       0.0000000       1.0000000    
           0           1           3           2
   2.6299999     -1.65309757E-08   2.8460000    
 -0.22495131      0.97437006     -2.29408585E-07
 -0.97437006     -0.22495121      2.61378190E-08
   0.0000000       0.0000000       1.0000000    
           0           1           3           3
   2.6299999     -1.65309757E-08  -2.8460000    
 -0.22495131      0.97437006     -2.29408585E-07
 -0.97437006     -0.22495121      2.61378190E-08
   0.0000000       0.0000000       1.0000000    
           0           1           3           4
   2.6299999     -1.65309757E-08  -8.5380001    
 -0.22495131      0.97437006     -2.29408585E-07
 -0.97437006     -0.22495121      2.61378190E-08
   0.0000000       0.0000000       1.0000000    
           0           1           4           1
   2.3495665       1.1817089       8.5380001    
 -0.63876808      0.76939946     -1.48264419E-07
 -0.76939958     -0.63876784      5.35246940E-08
   0.0000000       0.0000000       1.0000000    
           0           1           4           2
   2.3495665       1.1817089       2.8459997    
 -0.63876808      0.76939946     -1.48264419E-07
 -0.76939958     -0.63876784      5.35246940E-08
   0.0000000       0.0000000       1.0000000    
           0           1           4           3
   2.3495665       1.1817089      -2.8460002    
 -0.63876808      0.76939946     -1.48264419E-07
 -0.76939958     -0.63876784      5.35246940E-08
   0.0000000       0.0000000       1.0000000    
           0           1           4           4
   2.3495665       1.1817089      -8.5380001    
 -0.63876808      0.76939946     -1.48264419E-07
 -0.76939958     -0.63876784      5.35246940E-08
   0.0000000       0.0000000       1.0000000    
           0           1           5           1
   1.5680710       2.1114101       8.5379992    
 -0.91636276      0.40034908     -6.34671551E-08
 -0.40034896     -0.91636270      4.15317487E-08
   0.0000000       0.0000000       1.0000000    
           0           1           5           2
   1.5680710       2.1114101       2.8459997    
 -0.91636276      0.40034908     -6.34671551E-08
 -0.40034896     -0.91636270      4.15317487E-08
   0.0000000       0.0000000       1.0000000    
           0           1           5           3
   1.5680710       2.1114101      -2.8460002    
 -0.91636276      0.40034908     -6.34671551E-08
 -0.40034896     -0.91636270      4.15317487E-08
   0.0000000       0.0000000       1.0000000    
           0           1           5           4
   1.5680710       2.1114101      -8.5380011    
 -0.91636276      0.40034908     -6.34671551E-08
 -0.40034896     -0.91636270      4.15317487E-08
   0.0000000       0.0000000       1.0000000    
           0           1           6           1
  -1.5680727       2.1114101      -8.5380001    
  0.91636264      0.40034914     -1.28954497E-07
  0.40034923     -0.91636264      1.11378391E-07
 -8.74227766E-08   0.0000000      -1.0000000    
           0           1           6           2
  -1.5680722       2.1114101      -2.8460002    
  0.91636264      0.40034914     -1.28954497E-07
  0.40034923     -0.91636264      1.11378391E-07
 -8.74227766E-08   0.0000000      -1.0000000    
           0           1           6           3
  -1.5680717       2.1114101       2.8459997    
  0.91636264      0.40034914     -1.28954497E-07
  0.40034923     -0.91636264      1.11378391E-07
 -8.74227766E-08   0.0000000      -1.0000000    
           0           1           6           4
  -1.5680712       2.1114101       8.5380001    
  0.91636264      0.40034914     -1.28954497E-07
  0.40034923     -0.91636264      1.11378391E-07
 -8.74227766E-08   0.0000000      -1.0000000    
           0           1           7           1
  -2.3495679       1.1817088      -8.5380001    
  0.63876766      0.76939958     -1.40947435E-07
  0.76939964     -0.63876790      2.65811142E-08
 -8.74227766E-08   0.0000000      -1.0000000    
           0           1           7           2
  -2.3495674       1.1817088      -2.8460000    
  0.63876766      0.76939958     -1.40947435E-07
  0.76939964     -0.63876790      2.65811142E-08
 -8.74227766E-08   0.0000000      -1.0000000    
           0           1           7           3
  -2.3495669       1.1817088       2.8460000    
  0.63876766      0.76939958     -1.40947435E-07
  0.76939964     -0.63876790      2.65811142E-08
 -8.74227766E-08   0.0000000      -1.0000000    
           0           1           7           4
  -2.3495665       1.1817088       8.5380001    
  0.63876766      0.76939958     -1.40947435E-07
  0.76939964     -0.63876790      2.65811142E-08
 -8.74227766E-08   0.0000000      -1.0000000    
           0           1           8           1
  -2.6300006     -3.69502231E-07  -8.5380001    
  0.22495091      0.97437006     -1.13560567E-07
  0.97437006     -0.22495113     -5.45630243E-08
 -8.74227766E-08   0.0000000      -1.0000000    
           0           1           8           2
  -2.6300001     -3.69502231E-07  -2.8460000    
  0.22495091      0.97437006     -1.13560567E-07
  0.97437006     -0.22495113     -5.45630243E-08
 -8.74227766E-08   0.0000000      -1.0000000    
           0           1           8           3
  -2.6299996     -3.69502231E-07   2.8460000    
  0.22495091      0.97437006     -1.13560567E-07
  0.97437006     -0.22495113     -5.45630243E-08
 -8.74227766E-08   0.0000000      -1.0000000    
           0           1           8           4
  -2.6299992     -3.69502231E-07   8.5380001    
  0.22495091      0.97437006     -1.13560567E-07
  0.97437006     -0.22495113     -5.45630243E-08
 -8.74227766E-08   0.0000000      -1.0000000    
           0           1           9           1
  -2.3495672      -1.1817094      -8.5380001    
 -0.23683821      0.97154915     -5.26343342E-08
  0.97154909      0.23683800     -1.14749447E-07
 -8.74227766E-08   0.0000000      -1.0000000    
           0           1           9           2
  -2.3495667      -1.1817094      -2.8459997    
 -0.23683821      0.97154915     -5.26343342E-08
  0.97154909      0.23683800     -1.14749447E-07
 -8.74227766E-08   0.0000000      -1.0000000    
           0           1           9           3
  -2.3495662      -1.1817094       2.8460002    
 -0.23683821      0.97154915     -5.26343342E-08
  0.97154909      0.23683800     -1.14749447E-07
 -8.74227766E-08   0.0000000      -1.0000000    
           0           1           9           4
  -2.3495657      -1.1817094       8.5380001    
 -0.23683821      0.97154915     -5.26343342E-08
  0.97154909      0.23683800     -1.14749447E-07
 -8.74227766E-08   0.0000000      -1.0000000    
           0           1          10           1
  -1.5680726      -2.1114094      -8.5379992    
 -0.64811993      0.76153839      2.88383397E-08
  0.76153827      0.64811969     -1.41142920E-07
 -8.74227766E-08   0.0000000      -1.0000000    
           0           1          10           2
  -1.5680721      -2.1114094      -2.8459997    
 -0.64811993      0.76153839      2.88383397E-08
  0.76153827      0.64811969     -1.41142920E-07
 -8.74227766E-08   0.0000000      -1.0000000    
           0           1          10           3
  -1.5680716      -2.1114094       2.8460002    
 -0.64811993      0.76153839      2.88383397E-08
  0.76153827      0.64811969     -1.41142920E-07
 -8.74227766E-08   0.0000000      -1.0000000    
           0           1          10           4
  -1.5680711      -2.1114094       8.5380011    
 -0.64811993      0.76153839      2.88383397E-08
  0.76153827      0.64811969     -1.41142920E-07
 -8.74227766E-08   0.0000000      -1.0000000    
           0           2           1           1
   2.4922576      -4.5554090       8.5380001    
  0.74706757      0.66474801     -3.16271439E-07
 -0.66474819      0.74706769     -1.41929064E-07
   0.0000000       0.0000000       1.0000000    
           0           2           1           2
   2.4922576      -4.5554090       2.8460004    
  0.74706757      0.66474801     -3.16271439E-07
 -0.66474819      0.74706769     -1.41929064E-07
   0.0000000       0.0000000       1.0000000    
           0           2           1           3
   2.4922576      -4.5554090      -2.8459995    
  0.74706757      0.66474801     -3.16271439E-07
 -0.66474819      0.74706769     -1.41929064E-07
   0.0000000       0.0000000       1.0000000    
           0           2           1           4
   2.4922576      -4.5554090      -8.5380001    
  0.74706757      0.66474801     -3.16271439E-07
 -0.66474819      0.74706769     -1.41929064E-07
   0.0000000       0.0000000       1.0000000    
           0           2           2           1
   3.4952886      -3.8400593       8.5380001    
  0.56943715      0.82203478     -3.13603692E-07
 -0.82203478      0.56943721     -9.80099983E-08
   0.0000000       0.0000000       1.0000000    
           0           2           2           2
   3.4952886      -3.8400593       2.8460002    
  0.56943715      0.82203478     -3.13603692E-07
 -0.82203478      0.56943721     -9.80099983E-08
   0.0000000       0.0000000       1.0000000    
           0           2           2           3
   3.4952886      -3.8400593      -2.8459997    
  0.56943715      0.82203478     -3.13603692E-07
 -0.82203478      0.56943721     -9.80099983E-08
   0.0000000       0.0000000       1.0000000    
           0           2           2           4
   3.4952886      -3.8400593      -8.5380001    
  0.56943715      0.82203478     -3.13603692E-07
 -0.82203478      0.56943721     -9.80099983E-08
   0.0000000       0.0000000       1.0000000    
           0           2           3           1
   4.3015642      -2.9085464       8.5380001    
  0.35975266      0.93304765     -3.00664482E-07
 -0.93304771      0.35975277     -5.59556099E-08
   0.0000000       0.0000000       1.0000000    
           0           2           3           2
   4.3015642      -2.9085464       2.8460000    
  0.35975266      0.93304765     -3.00664482E-07
 -0.93304771      0.35975277     -5.59556099E-08
   0.0000000       0.0000000       1.0000000    
           0           2           3           3
   4.3015642      -2.9085464      -2.8460000    
  0.35975266      0.93304765     -3.00664482E-07
 -0.93304771      0.35975277     -5.59556099E-08
   0.0000000       0.0000000       1.0000000    
           0           2           3           4
   4.3015642      -2.9085464      -8.5380001    
  0.35975266      0.93304765     -3.00664482E-07
 -0.93304771      0.35975277     -5.59556099E-08
   0.0000000       0.0000000       1.0000000    
           0           2           4           1
   4.8656979      -1.8133070       8.5380001    
  0.12981664      0.99153799     -2.78182085E-07
 -0.99153799      0.12981676     -1.81330684E-08
   0.0000000       0.0000000       1.0000000    
           0           2           4           2
   4.8656979      -1.8133070       2.8459997    
  0.12981664      0.99153799     -2.78182085E-07
 -0.99153799      0.12981676     -1.81330684E-08
   0.0000000       0.0000000       1.0000000    
           0           2           4           3
   4.8656979      -1.8133070      -2.8460002    
  0.12981664      0.99153799     -2.78182085E-07
 -0.99153799      0.12981676     -1.81330684E-08
   0.0000000       0.0000000       1.0000000    
           0           2           4           4
   4.8656979      -1.8133070      -8.5380001    
  0.12981664      0.99153799     -2.78182085E-07
 -0.99153799      0.12981676     -1.81330684E-08
   0.0000000       0.0000000       1.0000000    
           0           2           5           1
   5.1559329     -0.61599374       8.5379992    
 -0.10742695      0.99421299     -2.47422122E-07
 -0.99421304     -0.10742660      1.33284281E-08
   0.0000000       0.0000000       1.0000000    
           0           2           5           2
   5.1559329     -0.61599374       2.8459995    
 -0.10742695      0.99421299     -2.47422122E-07
 -0.99421304     -0.10742660      1.33284281E-08
   0.0000000       0.0000000       1.0000000    
           0           2           5           3
   5.1559329     -0.61599374      -2.8460004    
 -0.10742695      0.99421299     -2.47422122E-07
 -0.99421304     -0.10742660      1.33284281E-08
   0.0000000       0.0000000       1.0000000    
           0           2           5           4
   5.1559329     -0.61599374      -8.5380011    
 -0.10742695      0.99421299     -2.47422122E-07
 -0.99421304     -0.10742660      1.33284281E-08
   0.0000000       0.0000000       1.0000000    
           0           2           6           1
   5.1559329      0.61599493       8.5379992    
 -0.33862287      0.94092220     -2.10116212E-07
 -0.94092208     -0.33862293      3.66579158E-08
   0.0000000       0.0000000       1.0000000    
           0           2           6           2
   5.1559329      0.61599493       2.8459995    
 -0.33862287      0.94092220     -2.10116212E-07
 -0.94092208     -0.33862293      3.66579158E-08
   0.0000000       0.0000000       1.0000000    
           0           2           6           3
   5.1559329      0.61599493      -2.8460004    
 -0.33862287      0.94092220     -2.10116212E-07
 -0.94092208     -0.33862293      3.66579158E-08
   0.0000000       0.0000000       1.0000000    
           0           2           6           4
   5.1559329      0.61599493      -8.5380011    
 -0.33862287      0.94092220     -2.10116212E-07
 -0.94092208     -0.33862293      3.66579158E-08
   0.0000000       0.0000000       1.0000000    
           0           2           7           1
   4.8656964       1.8133084       8.5379992    
 -0.55075759      0.83466530     -1.68364181E-07
 -0.83466530     -0.55075753      5.05420914E-08
   0.0000000       0.0000000       1.0000000    
           0           2           7           2
   4.8656964       1.8133084       2.8459992    
 -0.55075759      0.83466530     -1.68364181E-07
 -0.83466530     -0.55075753      5.05420914E-08
   0.0000000       0.0000000       1.0000000    
           0           2           7           3
   4.8656964       1.8133084      -2.8460007    
 -0.55075759      0.83466530     -1.68364181E-07
 -0.83466530     -0.55075753      5.05420914E-08
   0.0000000       0.0000000       1.0000000    
           0           2           7           4
   4.8656964       1.8133084      -8.5380011    
 -0.55075759      0.83466530     -1.68364181E-07
 -0.83466530     -0.55075753      5.05420914E-08
   0.0000000       0.0000000       1.0000000    
           0           2           8           1
   4.3015623       2.9085474       8.5379992    
 -0.73188889      0.68142402     -1.24516504E-07
 -0.68142366     -0.73188895      5.41994183E-08
   0.0000000       0.0000000       1.0000000    
           0           2           8           2
   4.3015623       2.9085474       2.8459992    
 -0.73188889      0.68142402     -1.24516504E-07
 -0.68142366     -0.73188895      5.41994183E-08
   0.0000000       0.0000000       1.0000000    
           0           2           8           3
   4.3015623       2.9085474      -2.8460007    
 -0.73188889      0.68142402     -1.24516504E-07
 -0.68142366     -0.73188895      5.41994183E-08
   0.0000000       0.0000000       1.0000000    
           0           2           8           4
   4.3015623       2.9085474      -8.5380011    
 -0.73188889      0.68142402     -1.24516504E-07
 -0.68142366     -0.73188895      5.41994183E-08
   0.0000000       0.0000000       1.0000000    
           0           2           9           1
   3.4952867       3.8400600       8.5379992    
 -0.87182140      0.48982400     -8.10412644E-08
 -0.48982370     -0.87182140      4.74240522E-08
   0.0000000       0.0000000       1.0000000    
           0           2           9           2
   3.4952867       3.8400600       2.8459992    
 -0.87182140      0.48982400     -8.10412644E-08
 -0.48982370     -0.87182140      4.74240522E-08
   0.0000000       0.0000000       1.0000000    
           0           2           9           3
   3.4952867       3.8400600      -2.8460007    
 -0.87182140      0.48982400     -8.10412644E-08
 -0.48982370     -0.87182140      4.74240522E-08
   0.0000000       0.0000000       1.0000000    
           0           2           9           4
   3.4952867       3.8400600      -8.5380011    
 -0.87182140      0.48982400     -8.10412644E-08
 -0.48982370     -0.87182140      4.74240522E-08
   0.0000000       0.0000000       1.0000000    
           0           2          10           1
   2.4922554       4.5554090       8.5379992    
 -0.96267760      0.27065095     -4.03858351E-08
 -0.27065074     -0.96267754      3.05973273E-08
   0.0000000       0.0000000       1.0000000    
           0           2          10           2
   2.4922554       4.5554090       2.8459992    
 -0.96267760      0.27065095     -4.03858351E-08
 -0.27065074     -0.96267754      3.05973273E-08
   0.0000000       0.0000000       1.0000000    
           0           2          10           3
   2.4922554       4.5554090      -2.8460007    
 -0.96267760      0.27065095     -4.03858351E-08
 -0.27065074     -0.96267754      3.05973273E-08
   0.0000000       0.0000000       1.0000000    
           0           2          10           4
   2.4922554       4.5554090      -8.5380011    
 -0.96267760      0.27065095     -4.03858351E-08
 -0.27065074     -0.96267754      3.05973273E-08
   0.0000000       0.0000000       1.0000000    
           0           2          11           1
  -2.4922581       4.5554090      -8.5380001    
  0.96267748      0.27065089     -1.18020104E-07
  0.27065101     -0.96267754      1.34459725E-07
 -8.74227766E-08   0.0000000      -1.0000000    
           0           2          11           2
  -2.4922576       4.5554090      -2.8460004    
  0.96267748      0.27065089     -1.18020104E-07
  0.27065101     -0.96267754      1.34459725E-07
 -8.74227766E-08   0.0000000      -1.0000000    
           0           2          11           3
  -2.4922571       4.5554090       2.8459995    
  0.96267748      0.27065089     -1.18020104E-07
  0.27065101     -0.96267754      1.34459725E-07
 -8.74227766E-08   0.0000000      -1.0000000    
           0           2          11           4
  -2.4922566       4.5554090       8.5380001    
  0.96267748      0.27065089     -1.18020104E-07
  0.27065101     -0.96267754      1.34459725E-07
 -8.74227766E-08   0.0000000      -1.0000000    
           0           2          12           1
  -3.4952886       3.8400600      -8.5380001    
  0.87182146      0.48982373     -1.34846800E-07
  0.48982376     -0.87182152      9.38043740E-08
 -8.74227766E-08   0.0000000      -1.0000000    
           0           2          12           2
  -3.4952881       3.8400600      -2.8460002    
  0.87182146      0.48982373     -1.34846800E-07
  0.48982376     -0.87182152      9.38043740E-08
 -8.74227766E-08   0.0000000      -1.0000000    
           0           2          12           3
  -3.4952877       3.8400600       2.8459997    
  0.87182146      0.48982373     -1.34846800E-07
  0.48982376     -0.87182152      9.38043740E-08
 -8.74227766E-08   0.0000000      -1.0000000    
           0           2          12           4
  -3.4952872       3.8400600       8.5380001    
  0.87182146      0.48982373     -1.34846800E-07
  0.48982376     -0.87182152      9.38043740E-08
 -8.74227766E-08   0.0000000      -1.0000000    
           0           2          13           1
  -4.3015642       2.9085479      -8.5380001    
  0.73188901      0.68142378     -1.41622195E-07
  0.68142378     -0.73188907      5.03291311E-08
 -8.74227766E-08   0.0000000      -1.0000000    
           0           2          13           2
  -4.3015633       2.9085479      -2.8460000    
  0.73188901      0.68142378     -1.41622195E-07
  0.68142378     -0.73188907      5.03291311E-08
 -8.74227766E-08   0.0000000      -1.0000000    
           0           2          13           3
  -4.3015628       2.9085479       2.8460000    
  0.73188901      0.68142378     -1.41622195E-07
  0.68142378     -0.73188907      5.03291311E-08
 -8.74227766E-08   0.0000000      -1.0000000    
           0           2          13           4
  -4.3015623       2.9085479       8.5380001    
  0.73188901      0.68142378     -1.41622195E-07
  0.68142378     -0.73188907      5.03291311E-08
 -8.74227766E-08   0.0000000      -1.0000000    
           0           2          14           1
  -4.8656974       1.8133092      -8.5380001    
  0.55075753      0.83466518     -1.37964861E-07
  0.83466530     -0.55075777      6.48141452E-09
 -8.74227766E-08   0.0000000      -1.0000000    
           0           2          14           2
  -4.8656969       1.8133092      -2.8459997    
  0.55075753      0.83466518     -1.37964861E-07
  0.83466530     -0.55075777      6.48141452E-09
 -8.74227766E-08   0.0000000      -1.0000000    
           0           2          14           3
  -4.8656964       1.8133092       2.8460002    
  0.55075753      0.83466518     -1.37964861E-07
  0.83466530     -0.55075777      6.48141452E-09
 -8.74227766E-08   0.0000000      -1.0000000    
           0           2          14           4
  -4.8656960       1.8133092       8.5380001    
  0.55075753      0.83466518     -1.37964861E-07
  0.83466530     -0.55075777      6.48141452E-09
 -8.74227766E-08   0.0000000      -1.0000000    
           0           2          15           1
  -5.1559334      0.61599654      -8.5379992    
  0.33862281      0.94092214     -1.24080657E-07
  0.94092220     -0.33862302     -3.52705953E-08
 -8.74227766E-08   0.0000000      -1.0000000    
           0           2          15           2
  -5.1559329      0.61599654      -2.8459997    
  0.33862281      0.94092214     -1.24080657E-07
  0.94092220     -0.33862302     -3.52705953E-08
 -8.74227766E-08   0.0000000      -1.0000000    
           0           2          15           3
  -5.1559324      0.61599654       2.8460002    
  0.33862281      0.94092214     -1.24080657E-07
  0.94092220     -0.33862302     -3.52705953E-08
 -8.74227766E-08   0.0000000      -1.0000000    
           0           2          15           4
  -5.1559319      0.61599654       8.5380011    
  0.33862281      0.94092214     -1.24080657E-07
  0.94092220     -0.33862302     -3.52705953E-08
 -8.74227766E-08   0.0000000      -1.0000000    
           0           2          16           1
  -5.1559339     -0.61599159      -8.5379992    
  0.10742667      0.99421299     -1.00751215E-07
  0.99421299     -0.10742684     -7.25765616E-08
 -8.74227766E-08   0.0000000      -1.0000000    
           0           2          16           2
  -5.1559334     -0.61599159      -2.8459995    
  0.10742667      0.99421299     -1.00751215E-07
  0.99421299     -0.10742684     -7.25765616E-08
 -8.74227766E-08   0.0000000      -1.0000000    
           0           2          16           3
  -5.1559329     -0.61599159       2.8460004    
  0.10742667      0.99421299     -1.00751215E-07
  0.99421299     -0.10742684     -7.25765616E-08
 -8.74227766E-08   0.0000000      -1.0000000    
           0           2          16           4
  -5.1559324     -0.61599159       8.5380011    
  0.10742667      0.99421299     -1.00751215E-07
  0.99421299     -0.10742684     -7.25765616E-08
 -8.74227766E-08   0.0000000      -1.0000000    
           0           2          17           1
  -4.8656983      -1.8133047      -8.5379992    
 -0.12981682      0.99153799     -6.92897117E-08
  0.99153799      0.12981659     -1.03336511E-07
 -8.74227766E-08   0.0000000      -1.0000000    
           0           2          17           2
  -4.8656979      -1.8133047      -2.8459992    
 -0.12981682      0.99153799     -6.92897117E-08
  0.99153799      0.12981659     -1.03336511E-07
 -8.74227766E-08   0.0000000      -1.0000000    
           0           2          17           3
  -4.8656974      -1.8133047       2.8460007    
 -0.12981682      0.99153799     -6.92897117E-08
  0.99153799      0.12981659     -1.03336511E-07
 -8.74227766E-08   0.0000000      -1.0000000    
           0           2          17           4
  -4.8656969      -1.8133047       8.5380011    
 -0.12981682      0.99153799     -6.92897117E-08
  0.99153799      0.12981659     -1.03336511E-07
 -8.74227766E-08   0.0000000      -1.0000000    
           0           2          18           1
  -4.3015656      -2.9085438      -8.5379992    
 -0.35975268      0.93304771     -3.14671880E-08
  0.93304771      0.35975248     -1.25818872E-07
 -8.74227766E-08   0.0000000      -1.0000000    
           0           2          18           2
  -4.3015652      -2.9085438      -2.8459992    
 -0.35975268      0.93304771     -3.14671880E-08
  0.93304771      0.35975248     -1.25818872E-07
 -8.74227766E-08   0.0000000      -1.0000000    
           0           2          18           3
  -4.3015647      -2.9085438       2.8460007    
 -0.35975268      0.93304771     -3.14671880E-08
  0.93304771      0.35975248     -1.25818872E-07
 -8.74227766E-08   0.0000000      -1.0000000    
           0           2          18           4
  -4.3015642      -2.9085438       8.5380011    
 -0.35975268      0.93304771     -3.14671880E-08
  0.93304771      0.35975248     -1.25818872E-07
 -8.74227766E-08   0.0000000      -1.0000000    
           0           2          19           1
  -3.4952915      -3.8400567      -8.5379992    
 -0.56943750      0.82203472      1.05872502E-08
  0.82203466      0.56943715     -1.38758111E-07
 -8.74227766E-08   0.0000000      -1.0000000    
           0           2          19           2
  -3.4952908      -3.8400567      -2.8459992    
 -0.56943750      0.82203472      1.05872502E-08
  0.82203466      0.56943715     -1.38758111E-07
 -8.74227766E-08   0.0000000      -1.0000000    
           0           2          19           3
  -3.4952903      -3.8400567       2.8460007    
 -0.56943750      0.82203472      1.05872502E-08
  0.82203466      0.56943715     -1.38758111E-07
 -8.74227766E-08   0.0000000      -1.0000000    
           0           2          19           4
  -3.4952898      -3.8400567       8.5380011    
 -0.56943750      0.82203472      1.05872502E-08
  0.82203466      0.56943715     -1.38758111E-07
 -8.74227766E-08   0.0000000      -1.0000000    
           0           2          20           1
  -2.4922621      -4.5554056      -8.5379992    
 -0.74706781      0.66474789      5.45063337E-08
  0.66474795      0.74706769     -1.41425858E-07
 -8.74227766E-08   0.0000000      -1.0000000    
           0           2          20           2
  -2.4922616      -4.5554056      -2.8459992    
 -0.74706781      0.66474789      5.45063337E-08
  0.66474795      0.74706769     -1.41425858E-07
 -8.74227766E-08   0.0000000      -1.0000000    
           0           2          20           3
  -2.4922612      -4.5554056       2.8460007    
 -0.74706781      0.66474789      5.45063337E-08
  0.66474795      0.74706769     -1.41425858E-07
 -8.74227766E-08   0.0000000      -1.0000000    
           0           2          20           4
  -2.4922607      -4.5554056       8.5380011    
 -0.74706781      0.66474789      5.45063337E-08
  0.66474795      0.74706769     -1.41425858E-07
 -8.74227766E-08   0.0000000      -1.0000000    
           0           3           1           1
   5.6300101      -10.330452       12.750801    
 -0.87806654     -0.47853848      3.09031435E-07
 -0.47853863      0.87806654      7.87423815E-08
 -8.74227766E-08   0.0000000      -1.0000000    
           0           3           1           2
   5.6300097      -10.330452       6.3754005    
 -0.87806654     -0.47853848      3.09031435E-07
 -0.47853863      0.87806654      7.87423815E-08
 -8.74227766E-08   0.0000000      -1.0000000    
           0           3           1           3
   5.6300087      -10.330452      6.35462357E-07
 -0.87806654     -0.47853848      3.09031435E-07
 -0.47853863      0.87806654      7.87423815E-08
 -8.74227766E-08   0.0000000      -1.0000000    
           0           3           1           4
   5.6300082      -10.330452      -6.3753996    
 -0.87806654     -0.47853848      3.09031435E-07
 -0.47853863      0.87806654      7.87423815E-08
 -8.74227766E-08   0.0000000      -1.0000000    
           0           3           1           5
   5.6300077      -10.330452      -12.750799    
 -0.87806654     -0.47853848      3.09031435E-07
 -0.47853863      0.87806654      7.87423815E-08
 -8.74227766E-08   0.0000000      -1.0000000    
           0           3           2           1
   7.5506697      -7.1328254       12.750800    
 -0.68670684     -0.72693431      3.16510835E-07
 -0.72693449      0.68670696      1.36409355E-07
 -8.74227766E-08   0.0000000      -1.0000000    
           0           3           2           2
   7.5506687      -7.1328254       6.3754001    
 -0.68670684     -0.72693431      3.16510835E-07
 -0.72693449      0.68670696      1.36409355E-07
 -8.74227766E-08   0.0000000      -1.0000000    
           0           3           2           3
   7.5506682      -7.1328254     -3.57199355E-08
 -0.68670684     -0.72693431      3.16510835E-07
 -0.72693449      0.68670696      1.36409355E-07
 -8.74227766E-08   0.0000000      -1.0000000    
           0           3           2           4
   7.5506678      -7.1328254      -6.3754001    
 -0.68670684     -0.72693431      3.16510835E-07
 -0.72693449      0.68670696      1.36409355E-07
 -8.74227766E-08   0.0000000      -1.0000000    
           0           3           2           5
   7.5506673      -7.1328254      -12.750800    
 -0.68670684     -0.72693431      3.16510835E-07
 -0.72693449      0.68670696      1.36409355E-07
 -8.74227766E-08   0.0000000      -1.0000000    
           0           3           3           1
   11.791656      -5.8047690       12.750799    
 -0.44166234     -0.89718127      3.06702333E-07
 -0.89718139      0.44166234      1.90868263E-07
 -8.74227766E-08   0.0000000      -1.0000000    
           0           3           3           2
   11.791656      -5.8047690       6.3753991    
 -0.44166234     -0.89718127      3.06702333E-07
 -0.89718139      0.44166234      1.90868263E-07
 -8.74227766E-08   0.0000000      -1.0000000    
           0           3           3           3
   11.791655      -5.8047690     -7.66011681E-07
 -0.44166234     -0.89718127      3.06702333E-07
 -0.89718139      0.44166234      1.90868263E-07
 -8.74227766E-08   0.0000000      -1.0000000    
           0           3           3           4
   11.791655      -5.8047690      -6.3754010    
 -0.44166234     -0.89718127      3.06702333E-07
 -0.89718139      0.44166234      1.90868263E-07
 -8.74227766E-08   0.0000000      -1.0000000    
           0           3           3           5
   11.791654      -5.8047690      -12.750801    
 -0.44166234     -0.89718127      3.06702333E-07
 -0.89718139      0.44166234      1.90868263E-07
 -8.74227766E-08   0.0000000      -1.0000000    
           0           3           4           1
   11.580877      -2.0732963       12.750799    
 -0.17622565     -0.98434979      2.83325278E-07
 -0.98434979      0.17622575      2.37106832E-07
 -8.74227766E-08   0.0000000      -1.0000000    
           0           3           4           2
   11.580876      -2.0732963       6.3753986    
 -0.17622565     -0.98434979      2.83325278E-07
 -0.98434979      0.17622575      2.37106832E-07
 -8.74227766E-08   0.0000000      -1.0000000    
           0           3           4           3
   11.580876      -2.0732963     -1.22769495E-06
 -0.17622565     -0.98434979      2.83325278E-07
 -0.98434979      0.17622575      2.37106832E-07
 -8.74227766E-08   0.0000000      -1.0000000    
           0           3           4           4
   11.580875      -2.0732963      -6.3754015    
 -0.17622565     -0.98434979      2.83325278E-07
 -0.98434979      0.17622575      2.37106832E-07
 -8.74227766E-08   0.0000000      -1.0000000    
           0           3           4           5
   11.580875      -2.0732963      -12.750801    
 -0.17622565     -0.98434979      2.83325278E-07
 -0.98434979      0.17622575      2.37106832E-07
 -8.74227766E-08   0.0000000      -1.0000000    
           0           3           5           1
   10.288672       1.4258413       12.750798    
  0.13727179     -0.99053341      2.43025937E-07
 -0.99053341     -0.13727173      2.79027944E-07
 -8.74227766E-08   0.0000000      -1.0000000    
           0           3           5           2
   10.288672       1.4258413       6.3753986    
  0.13727179     -0.99053341      2.43025937E-07
 -0.99053341     -0.13727173      2.79027944E-07
 -8.74227766E-08   0.0000000      -1.0000000    
           0           3           5           3
   10.288671       1.4258413     -1.51709935E-06
  0.13727179     -0.99053341      2.43025937E-07
 -0.99053341     -0.13727173      2.79027944E-07
 -8.74227766E-08   0.0000000      -1.0000000    
           0           3           5           4
   10.288671       1.4258413      -6.3754015    
  0.13727179     -0.99053341      2.43025937E-07
 -0.99053341     -0.13727173      2.79027944E-07
 -8.74227766E-08   0.0000000      -1.0000000    
           0           3           5           5
   10.288671       1.4258413      -12.750802    
  0.13727179     -0.99053341      2.43025937E-07
 -0.99053341     -0.13727173      2.79027944E-07
 -8.74227766E-08   0.0000000      -1.0000000    
           0           3           6           1
   11.906753       5.5648651       12.750798    
  0.42340904     -0.90593868      1.94410319E-07
 -0.90593857     -0.42340901      3.05457064E-07
 -8.74227766E-08   0.0000000      -1.0000000    
           0           3           6           2
   11.906752       5.5648651       6.3753977    
  0.42340904     -0.90593868      1.94410319E-07
 -0.90593857     -0.42340901      3.05457064E-07
 -8.74227766E-08   0.0000000      -1.0000000    
           0           3           6           3
   11.906752       5.5648651     -2.27205237E-06
  0.42340904     -0.90593868      1.94410319E-07
 -0.90593857     -0.42340901      3.05457064E-07
 -8.74227766E-08   0.0000000      -1.0000000    
           0           3           6           4
   11.906751       5.5648651      -6.3754025    
  0.42340904     -0.90593868      1.94410319E-07
 -0.90593857     -0.42340901      3.05457064E-07
 -8.74227766E-08   0.0000000      -1.0000000    
           0           3           6           5
   11.906750       5.5648651      -12.750802    
  0.42340904     -0.90593868      1.94410319E-07
 -0.90593857     -0.42340901      3.05457064E-07
 -8.74227766E-08   0.0000000      -1.0000000    
           0           3           7           1
   8.8643236       7.7355676       12.750798    
  0.65750682     -0.75344867      1.43715440E-07
 -0.75344861     -0.65750670      3.16158633E-07
 -8.74227766E-08   0.0000000      -1.0000000    
           0           3           7           2
   8.8643227       7.7355676       6.3753977    
  0.65750682     -0.75344867      1.43715440E-07
 -0.75344861     -0.65750670      3.16158633E-07
 -8.74227766E-08   0.0000000      -1.0000000    
           0           3           7           3
   8.8643227       7.7355676     -2.15773912E-06
  0.65750682     -0.75344867      1.43715440E-07
 -0.75344861     -0.65750670      3.16158633E-07
 -8.74227766E-08   0.0000000      -1.0000000    
           0           3           7           4
   8.8643217       7.7355676      -6.3754025    
  0.65750682     -0.75344867      1.43715440E-07
 -0.75344861     -0.65750670      3.16158633E-07
 -8.74227766E-08   0.0000000      -1.0000000    
           0           3           7           5
   8.8643217       7.7355676      -12.750802    
  0.65750682     -0.75344867      1.43715440E-07
 -0.75344861     -0.65750670      3.16158633E-07
 -8.74227766E-08   0.0000000      -1.0000000    
           0           3           8           1
   5.3263731       8.9173727       12.750798    
  0.85851270     -0.51279241      8.57984404E-08
 -0.51279223     -0.85851270      3.10959109E-07
 -8.74227766E-08   0.0000000      -1.0000000    
           0           3           8           2
   5.3263726       8.9173727       6.3753982    
  0.85851270     -0.51279241      8.57984404E-08
 -0.51279223     -0.85851270      3.10959109E-07
 -8.74227766E-08   0.0000000      -1.0000000    
           0           3           8           3
   5.3263721       8.9173727     -1.84876819E-06
  0.85851270     -0.51279241      8.57984404E-08
 -0.51279223     -0.85851270      3.10959109E-07
 -8.74227766E-08   0.0000000      -1.0000000    
           0           3           8           4
   5.3263717       8.9173727      -6.3754020    
  0.85851270     -0.51279241      8.57984404E-08
 -0.51279223     -0.85851270      3.10959109E-07
 -8.74227766E-08   0.0000000      -1.0000000    
           0           3           8           5
   5.3263707       8.9173727      -12.750802    
  0.85851270     -0.51279241      8.57984404E-08
 -0.51279223     -0.85851270      3.10959109E-07
 -8.74227766E-08   0.0000000      -1.0000000    
           0           3           9           1
  -5.3263736       8.9173727      -12.750800    
 -0.85851258     -0.51279235      1.36113556E-07
  0.51279229     -0.85851276      1.62438596E-09
   0.0000000       0.0000000       1.0000000    
           0           3           9           2
  -5.3263736       8.9173727      -6.3754005    
 -0.85851258     -0.51279235      1.36113556E-07
  0.51279229     -0.85851276      1.62438596E-09
   0.0000000       0.0000000       1.0000000    
           0           3           9           3
  -5.3263736       8.9173727     -4.55911959E-07
 -0.85851258     -0.51279235      1.36113556E-07
  0.51279229     -0.85851276      1.62438596E-09
   0.0000000       0.0000000       1.0000000    
           0           3           9           4
  -5.3263736       8.9173727       6.3753996    
 -0.85851258     -0.51279235      1.36113556E-07
  0.51279229     -0.85851276      1.62438596E-09
   0.0000000       0.0000000       1.0000000    
           0           3           9           5
  -5.3263736       8.9173727       12.750800    
 -0.85851258     -0.51279235      1.36113556E-07
  0.51279229     -0.85851276      1.62438596E-09
   0.0000000       0.0000000       1.0000000    
           0           3          10           1
  -8.8643246       7.7355680      -12.750800    
 -0.65750659     -0.75344867      1.41313052E-07
  0.75344867     -0.65750670     -5.62926523E-08
   0.0000000       0.0000000       1.0000000    
           0           3          10           2
  -8.8643246       7.7355680      -6.3754001    
 -0.65750659     -0.75344867      1.41313052E-07
  0.75344867     -0.65750670     -5.62926523E-08
   0.0000000       0.0000000       1.0000000    
           0           3          10           3
  -8.8643246       7.7355680      1.63009204E-07
 -0.65750659     -0.75344867      1.41313052E-07
  0.75344867     -0.65750670     -5.62926523E-08
   0.0000000       0.0000000       1.0000000    
           0           3          10           4
  -8.8643246       7.7355680       6.3754001    
 -0.65750659     -0.75344867      1.41313052E-07
  0.75344867     -0.65750670     -5.62926523E-08
   0.0000000       0.0000000       1.0000000    
           0           3          10           5
  -8.8643246       7.7355680       12.750800    
 -0.65750659     -0.75344867      1.41313052E-07
  0.75344867     -0.65750670     -5.62926523E-08
   0.0000000       0.0000000       1.0000000    
           0           3          11           1
  -11.906754       5.5648651      -12.750799    
 -0.42340884     -0.90593868      1.30611483E-07
  0.90593868     -0.42340899     -1.06987507E-07
   0.0000000       0.0000000       1.0000000    
           0           3          11           2
  -11.906754       5.5648651      -6.3753991    
 -0.42340884     -0.90593868      1.30611483E-07
  0.90593868     -0.42340899     -1.06987507E-07
   0.0000000       0.0000000       1.0000000    
           0           3          11           3
  -11.906754       5.5648651      8.46628836E-07
 -0.42340884     -0.90593868      1.30611483E-07
  0.90593868     -0.42340899     -1.06987507E-07
   0.0000000       0.0000000       1.0000000    
           0           3          11           4
  -11.906754       5.5648651       6.3754010    
 -0.42340884     -0.90593868      1.30611483E-07
  0.90593868     -0.42340899     -1.06987507E-07
   0.0000000       0.0000000       1.0000000    
           0           3          11           5
  -11.906754       5.5648651       12.750801    
 -0.42340884     -0.90593868      1.30611483E-07
  0.90593868     -0.42340899     -1.06987507E-07
   0.0000000       0.0000000       1.0000000    
           0           3          12           1
  -10.288671       1.4258404      -12.750799    
 -0.13727143     -0.99053341      1.04182369E-07
  0.99053347     -0.13727157     -1.55603175E-07
   0.0000000       0.0000000       1.0000000    
           0           3          12           2
  -10.288671       1.4258404      -6.3753991    
 -0.13727143     -0.99053341      1.04182369E-07
  0.99053347     -0.13727157     -1.55603175E-07
   0.0000000       0.0000000       1.0000000    
           0           3          12           3
  -10.288671       1.4258404      1.17721072E-06
 -0.13727143     -0.99053341      1.04182369E-07
  0.99053347     -0.13727157     -1.55603175E-07
   0.0000000       0.0000000       1.0000000    
           0           3          12           4
  -10.288671       1.4258404       6.3754010    
 -0.13727143     -0.99053341      1.04182369E-07
  0.99053347     -0.13727157     -1.55603175E-07
   0.0000000       0.0000000       1.0000000    
           0           3          12           5
  -10.288671       1.4258404       12.750801    
 -0.13727143     -0.99053341      1.04182369E-07
  0.99053347     -0.13727157     -1.55603175E-07
   0.0000000       0.0000000       1.0000000    
           0           3          13           1
  -11.580875      -2.0732985      -12.750798    
  0.17622599     -0.98434979      6.22612504E-08
  0.98434979      0.17622575     -1.95902487E-07
   0.0000000       0.0000000       1.0000000    
           0           3          13           2
  -11.580875      -2.0732985      -6.3753982    
  0.17622599     -0.98434979      6.22612504E-08
  0.98434979      0.17622575     -1.95902487E-07
   0.0000000       0.0000000       1.0000000    
           0           3          13           3
  -11.580875      -2.0732985      1.80551933E-06
  0.17622599     -0.98434979      6.22612504E-08
  0.98434979      0.17622575     -1.95902487E-07
   0.0000000       0.0000000       1.0000000    
           0           3          13           4
  -11.580875      -2.0732985       6.3754020    
  0.17622599     -0.98434979      6.22612504E-08
  0.98434979      0.17622575     -1.95902487E-07
   0.0000000       0.0000000       1.0000000    
           0           3          13           5
  -11.580875      -2.0732985       12.750802    
  0.17622599     -0.98434979      6.22612504E-08
  0.98434979      0.17622575     -1.95902487E-07
   0.0000000       0.0000000       1.0000000    
           0           3          14           1
  -11.791652      -5.8047714      -12.750798    
  0.44166264     -0.89718121      1.60226747E-08
  0.89718127      0.44166240     -2.19279542E-07
   0.0000000       0.0000000       1.0000000    
           0           3          14           2
  -11.791652      -5.8047714      -6.3753977    
  0.44166264     -0.89718121      1.60226747E-08
  0.89718127      0.44166240     -2.19279542E-07
   0.0000000       0.0000000       1.0000000    
           0           3          14           3
  -11.791652      -5.8047714      2.32248317E-06
  0.44166264     -0.89718121      1.60226747E-08
  0.89718127      0.44166240     -2.19279542E-07
   0.0000000       0.0000000       1.0000000    
           0           3          14           4
  -11.791652      -5.8047714       6.3754025    
  0.44166264     -0.89718121      1.60226747E-08
  0.89718127      0.44166240     -2.19279542E-07
   0.0000000       0.0000000       1.0000000    
           0           3          14           5
  -11.791652      -5.8047714       12.750802    
  0.44166264     -0.89718121      1.60226747E-08
  0.89718127      0.44166240     -2.19279542E-07
   0.0000000       0.0000000       1.0000000    
           0           3          15           1
  -7.5506649      -7.1328278      -12.750798    
  0.68670702     -0.72693437     -3.84361911E-08
  0.72693419      0.68670702     -2.29088073E-07
   0.0000000       0.0000000       1.0000000    
           0           3          15           2
  -7.5506649      -7.1328278      -6.3753982    
  0.68670702     -0.72693437     -3.84361911E-08
  0.72693419      0.68670702     -2.29088073E-07
   0.0000000       0.0000000       1.0000000    
           0           3          15           3
  -7.5506649      -7.1328278      1.94049835E-06
  0.68670702     -0.72693437     -3.84361911E-08
  0.72693419      0.68670702     -2.29088073E-07
   0.0000000       0.0000000       1.0000000    
           0           3          15           4
  -7.5506649      -7.1328278       6.3754020    
  0.68670702     -0.72693437     -3.84361911E-08
  0.72693419      0.68670702     -2.29088073E-07
   0.0000000       0.0000000       1.0000000    
           0           3          15           5
  -7.5506649      -7.1328278       12.750802    
  0.68670702     -0.72693437     -3.84361911E-08
  0.72693419      0.68670702     -2.29088073E-07
   0.0000000       0.0000000       1.0000000    
           0           3          16           1
  -5.6300049      -10.330453      -12.750798    
  0.87806666     -0.47853836     -9.61031787E-08
  0.47853842      0.87806654     -2.21608673E-07
   0.0000000       0.0000000       1.0000000    
           0           3          16           2
  -5.6300049      -10.330453      -6.3753982    
  0.87806666     -0.47853836     -9.61031787E-08
  0.47853842      0.87806654     -2.21608673E-07
   0.0000000       0.0000000       1.0000000    
           0           3          16           3
  -5.6300049      -10.330453      2.10795224E-06
  0.87806666     -0.47853836     -9.61031787E-08
  0.47853842      0.87806654     -2.21608673E-07
   0.0000000       0.0000000       1.0000000    
           0           3          16           4
  -5.6300049      -10.330453       6.3754020    
  0.87806666     -0.47853836     -9.61031787E-08
  0.47853842      0.87806654     -2.21608673E-07
   0.0000000       0.0000000       1.0000000    
           0           3          16           5
  -5.6300049      -10.330453       12.750802    
  0.87806666     -0.47853836     -9.61031787E-08
  0.47853842      0.87806654     -2.21608673E-07
   0.0000000       0.0000000       1.0000000    
           0           4           1           1
   6.5380411      -14.104332      -15.938498    
  0.90726423      0.42056090     -2.17834639E-07
 -0.42056087      0.90726441     -1.07534859E-07
   0.0000000       0.0000000       1.0000000    
           0           4           1           2
   6.5380411      -14.104332      -9.5630980    
  0.90726423      0.42056090     -2.17834639E-07
 -0.42056087      0.90726441     -1.07534859E-07
   0.0000000       0.0000000       1.0000000    
           0           4           1           3
   6.5380411      -14.104332      -3.1876979    
  0.90726423      0.42056090     -2.17834639E-07
 -0.42056087      0.90726441     -1.07534859E-07
   0.0000000       0.0000000       1.0000000    
           0           4           1           4
   6.5380411      -14.104332       3.1877022    
  0.90726423      0.42056090     -2.17834639E-07
 -0.42056087      0.90726441     -1.07534859E-07
   0.0000000       0.0000000       1.0000000    
           0           4           1           5
   6.5380411      -14.104332       9.5631018    
  0.90726423      0.42056090     -2.17834639E-07
 -0.42056087      0.90726441     -1.07534859E-07
   0.0000000       0.0000000       1.0000000    
           0           4           1           6
   6.5380411      -14.104332       15.938502    
  0.90726423      0.42056090     -2.17834639E-07
 -0.42056087      0.90726441     -1.07534859E-07
   0.0000000       0.0000000       1.0000000    
           0           4           2           1
   10.114448      -13.272301      -15.938499    
  0.79536760      0.60612726     -2.27495264E-07
 -0.60612738      0.79536772     -6.85272710E-08
   0.0000000       0.0000000       1.0000000    
           0           4           2           2
   10.114448      -13.272301      -9.5630989    
  0.79536760      0.60612726     -2.27495264E-07
 -0.60612738      0.79536772     -6.85272710E-08
   0.0000000       0.0000000       1.0000000    
           0           4           2           3
   10.114448      -13.272301      -3.1876984    
  0.79536760      0.60612726     -2.27495264E-07
 -0.60612738      0.79536772     -6.85272710E-08
   0.0000000       0.0000000       1.0000000    
           0           4           2           4
   10.114448      -13.272301       3.1877017    
  0.79536760      0.60612726     -2.27495264E-07
 -0.60612738      0.79536772     -6.85272710E-08
   0.0000000       0.0000000       1.0000000    
           0           4           2           5
   10.114448      -13.272301       9.5631008    
  0.79536760      0.60612726     -2.27495264E-07
 -0.60612738      0.79536772     -6.85272710E-08
   0.0000000       0.0000000       1.0000000    
           0           4           2           6
   10.114448      -13.272301       15.938501    
  0.79536760      0.60612726     -2.27495264E-07
 -0.60612738      0.79536772     -6.85272710E-08
   0.0000000       0.0000000       1.0000000    
           0           4           3           1
   13.430438      -11.724375      -15.938499    
  0.65763789      0.75333405     -2.28738031E-07
 -0.75333399      0.65763813     -3.11624042E-08
   0.0000000       0.0000000       1.0000000    
           0           4           3           2
   13.430438      -11.724375      -9.5630989    
  0.65763789      0.75333405     -2.28738031E-07
 -0.75333399      0.65763813     -3.11624042E-08
   0.0000000       0.0000000       1.0000000    
           0           4           3           3
   13.430438      -11.724375      -3.1876991    
  0.65763789      0.75333405     -2.28738031E-07
 -0.75333399      0.65763813     -3.11624042E-08
   0.0000000       0.0000000       1.0000000    
           0           4           3           4
   13.430438      -11.724375       3.1877010    
  0.65763789      0.75333405     -2.28738031E-07
 -0.75333399      0.65763813     -3.11624042E-08
   0.0000000       0.0000000       1.0000000    
           0           4           3           5
   13.430438      -11.724375       9.5631008    
  0.65763789      0.75333405     -2.28738031E-07
 -0.75333399      0.65763813     -3.11624042E-08
   0.0000000       0.0000000       1.0000000    
           0           4           3           6
   13.430438      -11.724375       15.938501    
  0.65763789      0.75333405     -2.28738031E-07
 -0.75333399      0.65763813     -3.11624042E-08
   0.0000000       0.0000000       1.0000000    
           0           4           4           1
   13.586302      -7.5558276      -15.938500    
  0.48602998      0.87394208     -2.22050176E-07
 -0.87394202      0.48603025      7.15709092E-09
   0.0000000       0.0000000       1.0000000    
           0           4           4           2
   13.586302      -7.5558276      -9.5630999    
  0.48602998      0.87394208     -2.22050176E-07
 -0.87394202      0.48603025      7.15709092E-09
   0.0000000       0.0000000       1.0000000    
           0           4           4           3
   13.586302      -7.5558276      -3.1876996    
  0.48602998      0.87394208     -2.22050176E-07
 -0.87394202      0.48603025      7.15709092E-09
   0.0000000       0.0000000       1.0000000    
           0           4           4           4
   13.586302      -7.5558276       3.1877005    
  0.48602998      0.87394208     -2.22050176E-07
 -0.87394202      0.48603025      7.15709092E-09
   0.0000000       0.0000000       1.0000000    
           0           4           4           5
   13.586302      -7.5558276       9.5630999    
  0.48602998      0.87394208     -2.22050176E-07
 -0.87394202      0.48603025      7.15709092E-09
   0.0000000       0.0000000       1.0000000    
           0           4           4           6
   13.586302      -7.5558276       15.938500    
  0.48602998      0.87394208     -2.22050176E-07
 -0.87394202      0.48603025      7.15709092E-09
   0.0000000       0.0000000       1.0000000    
           0           4           5           1
   15.988197      -4.7784448      -15.938501    
  0.28635696      0.95812297     -2.06905241E-07
 -0.95812297      0.28635716      4.43800516E-08
   0.0000000       0.0000000       1.0000000    
           0           4           5           2
   15.988197      -4.7784448      -9.5631008    
  0.28635696      0.95812297     -2.06905241E-07
 -0.95812297      0.28635716      4.43800516E-08
   0.0000000       0.0000000       1.0000000    
           0           4           5           3
   15.988197      -4.7784448      -3.1877003    
  0.28635696      0.95812297     -2.06905241E-07
 -0.95812297      0.28635716      4.43800516E-08
   0.0000000       0.0000000       1.0000000    
           0           4           5           4
   15.988197      -4.7784448       3.1876998    
  0.28635696      0.95812297     -2.06905241E-07
 -0.95812297      0.28635716      4.43800516E-08
   0.0000000       0.0000000       1.0000000    
           0           4           5           5
   15.988197      -4.7784448       9.5630989    
  0.28635696      0.95812297     -2.06905241E-07
 -0.95812297      0.28635716      4.43800516E-08
   0.0000000       0.0000000       1.0000000    
           0           4           5           6
   15.988197      -4.7784448       15.938499    
  0.28635696      0.95812297     -2.06905241E-07
 -0.95812297      0.28635716      4.43800516E-08
   0.0000000       0.0000000       1.0000000    
           0           4           6           1
   17.758249      -1.5755093      -15.938501    
  8.83723721E-02  0.99608749     -1.85921124E-07
 -0.99608749      8.83725658E-02  7.53210472E-08
   0.0000000       0.0000000       1.0000000    
           0           4           6           2
   17.758249      -1.5755093      -9.5631008    
  8.83723721E-02  0.99608749     -1.85921124E-07
 -0.99608749      8.83725658E-02  7.53210472E-08
   0.0000000       0.0000000       1.0000000    
           0           4           6           3
   17.758249      -1.5755093      -3.1877010    
  8.83723721E-02  0.99608749     -1.85921124E-07
 -0.99608749      8.83725658E-02  7.53210472E-08
   0.0000000       0.0000000       1.0000000    
           0           4           6           4
   17.758249      -1.5755093       3.1876991    
  8.83723721E-02  0.99608749     -1.85921124E-07
 -0.99608749      8.83725658E-02  7.53210472E-08
   0.0000000       0.0000000       1.0000000    
           0           4           6           5
   17.758249      -1.5755093       9.5630989    
  8.83723721E-02  0.99608749     -1.85921124E-07
 -0.99608749      8.83725658E-02  7.53210472E-08
   0.0000000       0.0000000       1.0000000    
           0           4           6           6
   17.758249      -1.5755093       15.938499    
  8.83723721E-02  0.99608749     -1.85921124E-07
 -0.99608749      8.83725658E-02  7.53210472E-08
   0.0000000       0.0000000       1.0000000    
           0           4           7           1
   15.431112       1.8865016      -15.938501    
 -0.12134998      0.99260980     -1.57963328E-07
 -0.99260980     -0.12134984      1.02366762E-07
   0.0000000       0.0000000       1.0000000    
           0           4           7           2
   15.431112       1.8865016      -9.5631008    
 -0.12134998      0.99260980     -1.57963328E-07
 -0.99260980     -0.12134984      1.02366762E-07
   0.0000000       0.0000000       1.0000000    
           0           4           7           3
   15.431112       1.8865016      -3.1877010    
 -0.12134998      0.99260980     -1.57963328E-07
 -0.99260980     -0.12134984      1.02366762E-07
   0.0000000       0.0000000       1.0000000    
           0           4           7           4
   15.431112       1.8865016       3.1876991    
 -0.12134998      0.99260980     -1.57963328E-07
 -0.99260980     -0.12134984      1.02366762E-07
   0.0000000       0.0000000       1.0000000    
           0           4           7           5
   15.431112       1.8865016       9.5630989    
 -0.12134998      0.99260980     -1.57963328E-07
 -0.99260980     -0.12134984      1.02366762E-07
   0.0000000       0.0000000       1.0000000    
           0           4           7           6
   15.431112       1.8865016       15.938499    
 -0.12134998      0.99260980     -1.57963328E-07
 -0.99260980     -0.12134984      1.02366762E-07
   0.0000000       0.0000000       1.0000000    
           0           4           8           1
   15.738590       5.5455203      -15.938502    
 -0.33232611      0.94316465     -1.23813209E-07
 -0.94316453     -0.33232597      1.23548972E-07
   0.0000000       0.0000000       1.0000000    
           0           4           8           2
   15.738590       5.5455203      -9.5631018    
 -0.33232611      0.94316465     -1.23813209E-07
 -0.94316453     -0.33232597      1.23548972E-07
   0.0000000       0.0000000       1.0000000    
           0           4           8           3
   15.738590       5.5455203      -3.1877017    
 -0.33232611      0.94316465     -1.23813209E-07
 -0.94316453     -0.33232597      1.23548972E-07
   0.0000000       0.0000000       1.0000000    
           0           4           8           4
   15.738590       5.5455203       3.1876984    
 -0.33232611      0.94316465     -1.23813209E-07
 -0.94316453     -0.33232597      1.23548972E-07
   0.0000000       0.0000000       1.0000000    
           0           4           8           5
   15.738590       5.5455203       9.5630980    
 -0.33232611      0.94316465     -1.23813209E-07
 -0.94316453     -0.33232597      1.23548972E-07
   0.0000000       0.0000000       1.0000000    
           0           4           8           6
   15.738590       5.5455203       15.938498    
 -0.33232611      0.94316465     -1.23813209E-07
 -0.94316453     -0.33232597      1.23548972E-07
   0.0000000       0.0000000       1.0000000    
           0           4           9           1
   15.284782       9.1767645      -15.938502    
 -0.51473922      0.85734683     -8.86389628E-08
 -0.85734689     -0.51473904      1.36215931E-07
   0.0000000       0.0000000       1.0000000    
           0           4           9           2
   15.284782       9.1767645      -9.5631018    
 -0.51473922      0.85734683     -8.86389628E-08
 -0.85734689     -0.51473904      1.36215931E-07
   0.0000000       0.0000000       1.0000000    
           0           4           9           3
   15.284782       9.1767645      -3.1877019    
 -0.51473922      0.85734683     -8.86389628E-08
 -0.85734689     -0.51473904      1.36215931E-07
   0.0000000       0.0000000       1.0000000    
           0           4           9           4
   15.284782       9.1767645       3.1876981    
 -0.51473922      0.85734683     -8.86389628E-08
 -0.85734689     -0.51473904      1.36215931E-07
   0.0000000       0.0000000       1.0000000    
           0           4           9           5
   15.284782       9.1767645       9.5630980    
 -0.51473922      0.85734683     -8.86389628E-08
 -0.85734689     -0.51473904      1.36215931E-07
   0.0000000       0.0000000       1.0000000    
           0           4           9           6
   15.284782       9.1767645       15.938498    
 -0.51473922      0.85734683     -8.86389628E-08
 -0.85734689     -0.51473904      1.36215931E-07
   0.0000000       0.0000000       1.0000000    
           0           4          10           1
   11.365922       10.606315      -15.938502    
 -0.68225396      0.73111540     -5.01188033E-08
 -0.73111528     -0.68225384      1.41629585E-07
   0.0000000       0.0000000       1.0000000    
           0           4          10           2
   11.365922       10.606315      -9.5631018    
 -0.68225396      0.73111540     -5.01188033E-08
 -0.73111528     -0.68225384      1.41629585E-07
   0.0000000       0.0000000       1.0000000    
           0           4          10           3
   11.365922       10.606315      -3.1877017    
 -0.68225396      0.73111540     -5.01188033E-08
 -0.73111528     -0.68225384      1.41629585E-07
   0.0000000       0.0000000       1.0000000    
           0           4          10           4
   11.365922       10.606315       3.1876984    
 -0.68225396      0.73111540     -5.01188033E-08
 -0.73111528     -0.68225384      1.41629585E-07
   0.0000000       0.0000000       1.0000000    
           0           4          10           5
   11.365922       10.606315       9.5630980    
 -0.68225396      0.73111540     -5.01188033E-08
 -0.73111528     -0.68225384      1.41629585E-07
   0.0000000       0.0000000       1.0000000    
           0           4          10           6
   11.365922       10.606315       15.938498    
 -0.68225396      0.73111540     -5.01188033E-08
 -0.73111528     -0.68225384      1.41629585E-07
   0.0000000       0.0000000       1.0000000    
           0           4          11           1
   9.4612169       13.745593      -15.938502    
 -0.82373077      0.56698126     -1.00427613E-08
 -0.56698114     -0.82373065      1.38658436E-07
   0.0000000       0.0000000       1.0000000    
           0           4          11           2
   9.4612169       13.745593      -9.5631018    
 -0.82373077      0.56698126     -1.00427613E-08
 -0.56698114     -0.82373065      1.38658436E-07
   0.0000000       0.0000000       1.0000000    
           0           4          11           3
   9.4612169       13.745593      -3.1877019    
 -0.82373077      0.56698126     -1.00427613E-08
 -0.56698114     -0.82373065      1.38658436E-07
   0.0000000       0.0000000       1.0000000    
           0           4          11           4
   9.4612169       13.745593       3.1876981    
 -0.82373077      0.56698126     -1.00427613E-08
 -0.56698114     -0.82373065      1.38658436E-07
   0.0000000       0.0000000       1.0000000    
           0           4          11           5
   9.4612169       13.745593       9.5630980    
 -0.82373077      0.56698126     -1.00427613E-08
 -0.56698114     -0.82373065      1.38658436E-07
   0.0000000       0.0000000       1.0000000    
           0           4          11           6
   9.4612169       13.745593       15.938498    
 -0.82373077      0.56698126     -1.00427613E-08
 -0.56698114     -0.82373065      1.38658436E-07
   0.0000000       0.0000000       1.0000000    
           0           4          12           1
   6.9573584       16.414406      -15.938502    
 -0.92070949      0.39024884      2.58501132E-08
 -0.39024872     -0.92070943      1.28200014E-07
   0.0000000       0.0000000       1.0000000    
           0           4          12           2
   6.9573584       16.414406      -9.5631018    
 -0.92070949      0.39024884      2.58501132E-08
 -0.39024872     -0.92070943      1.28200014E-07
   0.0000000       0.0000000       1.0000000    
           0           4          12           3
   6.9573584       16.414406      -3.1877019    
 -0.92070949      0.39024884      2.58501132E-08
 -0.39024872     -0.92070943      1.28200014E-07
   0.0000000       0.0000000       1.0000000    
           0           4          12           4
   6.9573584       16.414406       3.1876981    
 -0.92070949      0.39024884      2.58501132E-08
 -0.39024872     -0.92070943      1.28200014E-07
   0.0000000       0.0000000       1.0000000    
           0           4          12           5
   6.9573584       16.414406       9.5630980    
 -0.92070949      0.39024884      2.58501132E-08
 -0.39024872     -0.92070943      1.28200014E-07
   0.0000000       0.0000000       1.0000000    
           0           4          12           6
   6.9573584       16.414406       15.938498    
 -0.92070949      0.39024884      2.58501132E-08
 -0.39024872     -0.92070943      1.28200014E-07
   0.0000000       0.0000000       1.0000000    
           0           4          13           1
  -6.9573612       16.414406       15.938498    
  0.92070931      0.39024901     -4.07772518E-08
  0.39024925     -0.92070931      2.00695609E-07
 -8.74227766E-08   0.0000000      -1.0000000    
           0           4          13           2
  -6.9573617       16.414406       9.5630980    
  0.92070931      0.39024901     -4.07772518E-08
  0.39024925     -0.92070931      2.00695609E-07
 -8.74227766E-08   0.0000000      -1.0000000    
           0           4          13           3
  -6.9573627       16.414406       3.1876976    
  0.92070931      0.39024901     -4.07772518E-08
  0.39024925     -0.92070931      2.00695609E-07
 -8.74227766E-08   0.0000000      -1.0000000    
           0           4          13           4
  -6.9573631       16.414406      -3.1877024    
  0.92070931      0.39024901     -4.07772518E-08
  0.39024925     -0.92070931      2.00695609E-07
 -8.74227766E-08   0.0000000      -1.0000000    
           0           4          13           5
  -6.9573636       16.414406      -9.5631018    
  0.92070931      0.39024901     -4.07772518E-08
  0.39024925     -0.92070931      2.00695609E-07
 -8.74227766E-08   0.0000000      -1.0000000    
           0           4          13           6
  -6.9573641       16.414406      -15.938502    
  0.92070931      0.39024901     -4.07772518E-08
  0.39024925     -0.92070931      2.00695609E-07
 -8.74227766E-08   0.0000000      -1.0000000    
           0           4          14           1
  -9.4612207       13.745592       15.938498    
  0.82373047      0.56698155     -5.12356877E-08
  0.56698155     -0.82373053      1.64802742E-07
 -8.74227766E-08   0.0000000      -1.0000000    
           0           4          14           2
  -9.4612217       13.745592       9.5630980    
  0.82373047      0.56698155     -5.12356877E-08
  0.56698155     -0.82373053      1.64802742E-07
 -8.74227766E-08   0.0000000      -1.0000000    
           0           4          14           3
  -9.4612217       13.745592       3.1876984    
  0.82373047      0.56698155     -5.12356877E-08
  0.56698155     -0.82373053      1.64802742E-07
 -8.74227766E-08   0.0000000      -1.0000000    
           0           4          14           4
  -9.4612226       13.745592      -3.1877017    
  0.82373047      0.56698155     -5.12356877E-08
  0.56698155     -0.82373053      1.64802742E-07
 -8.74227766E-08   0.0000000      -1.0000000    
           0           4          14           5
  -9.4612236       13.745592      -9.5631018    
  0.82373047      0.56698155     -5.12356877E-08
  0.56698155     -0.82373053      1.64802742E-07
 -8.74227766E-08   0.0000000      -1.0000000    
           0           4          14           6
  -9.4612236       13.745592      -15.938502    
  0.82373047      0.56698155     -5.12356877E-08
  0.56698155     -0.82373053      1.64802742E-07
 -8.74227766E-08   0.0000000      -1.0000000    
           0           4          15           1
  -11.365924       10.606314       15.938499    
  0.68225354      0.73111552     -5.42068079E-08
  0.73111552     -0.68225378      1.24726725E-07
 -8.74227766E-08   0.0000000      -1.0000000    
           0           4          15           2
  -11.365924       10.606314       9.5630989    
  0.68225354      0.73111552     -5.42068079E-08
  0.73111552     -0.68225378      1.24726725E-07
 -8.74227766E-08   0.0000000      -1.0000000    
           0           4          15           3
  -11.365925       10.606314       3.1876988    
  0.68225354      0.73111552     -5.42068079E-08
  0.73111552     -0.68225378      1.24726725E-07
 -8.74227766E-08   0.0000000      -1.0000000    
           0           4          15           4
  -11.365926       10.606314      -3.1877012    
  0.68225354      0.73111552     -5.42068079E-08
  0.73111552     -0.68225378      1.24726725E-07
 -8.74227766E-08   0.0000000      -1.0000000    
           0           4          15           5
  -11.365926       10.606314      -9.5631008    
  0.68225354      0.73111552     -5.42068079E-08
  0.73111552     -0.68225378      1.24726725E-07
 -8.74227766E-08   0.0000000      -1.0000000    
           0           4          15           6
  -11.365927       10.606314      -15.938501    
  0.68225354      0.73111552     -5.42068079E-08
  0.73111552     -0.68225378      1.24726725E-07
 -8.74227766E-08   0.0000000      -1.0000000    
           0           4          16           1
  -15.284783       9.1767635       15.938500    
  0.51473862      0.85734707     -4.87931544E-08
  0.85734713     -0.51473886      8.62065264E-08
 -8.74227766E-08   0.0000000      -1.0000000    
           0           4          16           2
  -15.284783       9.1767635       9.5630999    
  0.51473862      0.85734707     -4.87931544E-08
  0.85734713     -0.51473886      8.62065264E-08
 -8.74227766E-08   0.0000000      -1.0000000    
           0           4          16           3
  -15.284784       9.1767635       3.1876996    
  0.51473862      0.85734707     -4.87931544E-08
  0.85734713     -0.51473886      8.62065264E-08
 -8.74227766E-08   0.0000000      -1.0000000    
           0           4          16           4
  -15.284784       9.1767635      -3.1877005    
  0.51473862      0.85734707     -4.87931544E-08
  0.85734713     -0.51473886      8.62065264E-08
 -8.74227766E-08   0.0000000      -1.0000000    
           0           4          16           5
  -15.284785       9.1767635      -9.5630999    
  0.51473862      0.85734707     -4.87931544E-08
  0.85734713     -0.51473886      8.62065264E-08
 -8.74227766E-08   0.0000000      -1.0000000    
           0           4          16           6
  -15.284785       9.1767635      -15.938500    
  0.51473862      0.85734707     -4.87931544E-08
  0.85734713     -0.51473886      8.62065264E-08
 -8.74227766E-08   0.0000000      -1.0000000    
           0           4          17           1
  -15.738588       5.5455198       15.938500    
  0.33232579      0.94316465     -3.61261954E-08
  0.94316471     -0.33232576      5.10323197E-08
 -8.74227766E-08   0.0000000      -1.0000000    
           0           4          17           2
  -15.738589       5.5455198       9.5630999    
  0.33232579      0.94316465     -3.61261954E-08
  0.94316471     -0.33232576      5.10323197E-08
 -8.74227766E-08   0.0000000      -1.0000000    
           0           4          17           3
  -15.738589       5.5455198       3.1877003    
  0.33232579      0.94316465     -3.61261954E-08
  0.94316471     -0.33232576      5.10323197E-08
 -8.74227766E-08   0.0000000      -1.0000000    
           0           4          17           4
  -15.738590       5.5455198      -3.1876998    
  0.33232579      0.94316465     -3.61261954E-08
  0.94316471     -0.33232576      5.10323197E-08
 -8.74227766E-08   0.0000000      -1.0000000    
           0           4          17           5
  -15.738591       5.5455198      -9.5630999    
  0.33232579      0.94316465     -3.61261954E-08
  0.94316471     -0.33232576      5.10323197E-08
 -8.74227766E-08   0.0000000      -1.0000000    
           0           4          17           6
  -15.738591       5.5455198      -15.938500    
  0.33232579      0.94316465     -3.61261954E-08
  0.94316471     -0.33232576      5.10323197E-08
 -8.74227766E-08   0.0000000      -1.0000000    
           0           4          18           1
  -15.431111       1.8865011       15.938501    
  0.12134940      0.99260986     -1.49439501E-08
  0.99260986     -0.12134966      1.68821774E-08
 -8.74227766E-08   0.0000000      -1.0000000    
           0           4          18           2
  -15.431112       1.8865011       9.5631008    
  0.12134940      0.99260986     -1.49439501E-08
  0.99260986     -0.12134966      1.68821774E-08
 -8.74227766E-08   0.0000000      -1.0000000    
           0           4          18           3
  -15.431112       1.8865011       3.1877007    
  0.12134940      0.99260986     -1.49439501E-08
  0.99260986     -0.12134966      1.68821774E-08
 -8.74227766E-08   0.0000000      -1.0000000    
           0           4          18           4
  -15.431113       1.8865011      -3.1876993    
  0.12134940      0.99260986     -1.49439501E-08
  0.99260986     -0.12134966      1.68821774E-08
 -8.74227766E-08   0.0000000      -1.0000000    
           0           4          18           5
  -15.431113       1.8865011      -9.5630989    
  0.12134940      0.99260986     -1.49439501E-08
  0.99260986     -0.12134966      1.68821774E-08
 -8.74227766E-08   0.0000000      -1.0000000    
           0           4          18           6
  -15.431114       1.8865011      -15.938499    
  0.12134940      0.99260986     -1.49439501E-08
  0.99260986     -0.12134966      1.68821774E-08
 -8.74227766E-08   0.0000000      -1.0000000    
           0           4          19           1
  -17.758247      -1.5755094       15.938502    
 -8.83727223E-02  0.99608749      1.21017436E-08
  0.99608743      8.83729309E-02 -1.10756488E-08
 -8.74227766E-08   0.0000000      -1.0000000    
           0           4          19           2
  -17.758247      -1.5755094       9.5631018    
 -8.83727223E-02  0.99608749      1.21017436E-08
  0.99608743      8.83729309E-02 -1.10756488E-08
 -8.74227766E-08   0.0000000      -1.0000000    
           0           4          19           3
  -17.758247      -1.5755094       3.1877015    
 -8.83727223E-02  0.99608749      1.21017436E-08
  0.99608743      8.83729309E-02 -1.10756488E-08
 -8.74227766E-08   0.0000000      -1.0000000    
           0           4          19           4
  -17.758249      -1.5755094      -3.1876986    
 -8.83727223E-02  0.99608749      1.21017436E-08
  0.99608743      8.83729309E-02 -1.10756488E-08
 -8.74227766E-08   0.0000000      -1.0000000    
           0           4          19           5
  -17.758249      -1.5755094      -9.5630980    
 -8.83727223E-02  0.99608749      1.21017436E-08
  0.99608743      8.83729309E-02 -1.10756488E-08
 -8.74227766E-08   0.0000000      -1.0000000    
           0           4          19           6
  -17.758249      -1.5755094      -15.938498    
 -8.83727223E-02  0.99608749      1.21017436E-08
  0.99608743      8.83729309E-02 -1.10756488E-08
 -8.74227766E-08   0.0000000      -1.0000000    
           0           4          20           1
  -15.988196      -4.7784448       15.938502    
 -0.28635749      0.95812285      4.30427640E-08
  0.95812285      0.28635728     -3.20597024E-08
 -8.74227766E-08   0.0000000      -1.0000000    
           0           4          20           2
  -15.988196      -4.7784448       9.5631018    
 -0.28635749      0.95812285      4.30427640E-08
  0.95812285      0.28635728     -3.20597024E-08
 -8.74227766E-08   0.0000000      -1.0000000    
           0           4          20           3
  -15.988197      -4.7784448       3.1877017    
 -0.28635749      0.95812285      4.30427640E-08
  0.95812285      0.28635728     -3.20597024E-08
 -8.74227766E-08   0.0000000      -1.0000000    
           0           4          20           4
  -15.988197      -4.7784448      -3.1876984    
 -0.28635749      0.95812285      4.30427640E-08
  0.95812285      0.28635728     -3.20597024E-08
 -8.74227766E-08   0.0000000      -1.0000000    
           0           4          20           5
  -15.988198      -4.7784448      -9.5630980    
 -0.28635749      0.95812285      4.30427640E-08
  0.95812285      0.28635728     -3.20597024E-08
 -8.74227766E-08   0.0000000      -1.0000000    
           0           4          20           6
  -15.988199      -4.7784448      -15.938498    
 -0.28635749      0.95812285      4.30427640E-08
  0.95812285      0.28635728     -3.20597024E-08
 -8.74227766E-08   0.0000000      -1.0000000    
           0           4          21           1
  -13.586299      -7.5558281       15.938502    
 -0.48603073      0.87394178      8.02657709E-08
  0.87394184      0.48603028     -4.72046509E-08
 -8.74227766E-08   0.0000000      -1.0000000    
           0           4          21           2
  -13.586300      -7.5558281       9.5631018    
 -0.48603073      0.87394178      8.02657709E-08
  0.87394184      0.48603028     -4.72046509E-08
 -8.74227766E-08   0.0000000      -1.0000000    
           0           4          21           3
  -13.586300      -7.5558281       3.1877017    
 -0.48603073      0.87394178      8.02657709E-08
  0.87394184      0.48603028     -4.72046509E-08
 -8.74227766E-08   0.0000000      -1.0000000    
           0           4          21           4
  -13.586301      -7.5558281      -3.1876984    
 -0.48603073      0.87394178      8.02657709E-08
  0.87394184      0.48603028     -4.72046509E-08
 -8.74227766E-08   0.0000000      -1.0000000    
           0           4          21           5
  -13.586301      -7.5558281      -9.5630980    
 -0.48603073      0.87394178      8.02657709E-08
  0.87394184      0.48603028     -4.72046509E-08
 -8.74227766E-08   0.0000000      -1.0000000    
           0           4          21           6
  -13.586302      -7.5558281      -15.938498    
 -0.48603073      0.87394178      8.02657709E-08
  0.87394184      0.48603028     -4.72046509E-08
 -8.74227766E-08   0.0000000      -1.0000000    
           0           4          22           1
  -13.430434      -11.724374       15.938502    
 -0.65763843      0.75333387      1.18585213E-07
  0.75333387      0.65763813     -5.38924638E-08
 -8.74227766E-08   0.0000000      -1.0000000    
           0           4          22           2
  -13.430434      -11.724374       9.5631018    
 -0.65763843      0.75333387      1.18585213E-07
  0.75333387      0.65763813     -5.38924638E-08
 -8.74227766E-08   0.0000000      -1.0000000    
           0           4          22           3
  -13.430435      -11.724374       3.1877022    
 -0.65763843      0.75333387      1.18585213E-07
  0.75333387      0.65763813     -5.38924638E-08
 -8.74227766E-08   0.0000000      -1.0000000    
           0           4          22           4
  -13.430436      -11.724374      -3.1876979    
 -0.65763843      0.75333387      1.18585213E-07
  0.75333387      0.65763813     -5.38924638E-08
 -8.74227766E-08   0.0000000      -1.0000000    
           0           4          22           5
  -13.430436      -11.724374      -9.5630980    
 -0.65763843      0.75333387      1.18585213E-07
  0.75333387      0.65763813     -5.38924638E-08
 -8.74227766E-08   0.0000000      -1.0000000    
           0           4          22           6
  -13.430437      -11.724374      -15.938498    
 -0.65763843      0.75333387      1.18585213E-07
  0.75333387      0.65763813     -5.38924638E-08
 -8.74227766E-08   0.0000000      -1.0000000    
           0           4          23           1
  -10.114439      -13.272303       15.938502    
 -0.79536760      0.60612738      1.55950005E-07
  0.60612702      0.79536784     -5.26497033E-08
 -8.74227766E-08   0.0000000      -1.0000000    
           0           4          23           2
  -10.114440      -13.272303       9.5631018    
 -0.79536760      0.60612738      1.55950005E-07
  0.60612702      0.79536784     -5.26497033E-08
 -8.74227766E-08   0.0000000      -1.0000000    
           0           4          23           3
  -10.114441      -13.272303       3.1877019    
 -0.79536760      0.60612738      1.55950005E-07
  0.60612702      0.79536784     -5.26497033E-08
 -8.74227766E-08   0.0000000      -1.0000000    
           0           4          23           4
  -10.114441      -13.272303      -3.1876981    
 -0.79536760      0.60612738      1.55950005E-07
  0.60612702      0.79536784     -5.26497033E-08
 -8.74227766E-08   0.0000000      -1.0000000    
           0           4          23           5
  -10.114442      -13.272303      -9.5630980    
 -0.79536760      0.60612738      1.55950005E-07
  0.60612702      0.79536784     -5.26497033E-08
 -8.74227766E-08   0.0000000      -1.0000000    
           0           4          23           6
  -10.114442      -13.272303      -15.938498    
 -0.79536760      0.60612738      1.55950005E-07
  0.60612702      0.79536784     -5.26497033E-08
 -8.74227766E-08   0.0000000      -1.0000000    
           0           4          24           1
  -6.5380363      -14.104332       15.938502    
 -0.90726441      0.42056081      1.94957636E-07
  0.42056078      0.90726435     -4.29890790E-08
 -8.74227766E-08   0.0000000      -1.0000000    
           0           4          24           2
  -6.5380368      -14.104332       9.5631018    
 -0.90726441      0.42056081      1.94957636E-07
  0.42056078      0.90726435     -4.29890790E-08
 -8.74227766E-08   0.0000000      -1.0000000    
           0           4          24           3
  -6.5380373      -14.104332       3.1877015    
 -0.90726441      0.42056081      1.94957636E-07
  0.42056078      0.90726435     -4.29890790E-08
 -8.74227766E-08   0.0000000      -1.0000000    
           0           4          24           4
  -6.5380378      -14.104332      -3.1876986    
 -0.90726441      0.42056081      1.94957636E-07
  0.42056078      0.90726435     -4.29890790E-08
 -8.74227766E-08   0.0000000      -1.0000000    
           0           4          24           5
  -6.5380383      -14.104332      -9.5630980    
 -0.90726441      0.42056081      1.94957636E-07
  0.42056078      0.90726435     -4.29890790E-08
 -8.74227766E-08   0.0000000      -1.0000000    
           0           4          24           6
  -6.5380387      -14.104332      -15.938498    
 -0.90726441      0.42056081      1.94957636E-07
  0.42056078      0.90726435     -4.29890790E-08
 -8.74227766E-08   0.0000000      -1.0000000    
